9647838812227
9647830766361
9647704293091
9647874249593
962780397397
9647721111006
9647722933369
9647722243842
9647725405342
9647503539753
9647718521600
9647723476700
9647700310050
9647730861128
9647708548902
9647823593983
9647712642506
9647809379132
9647813095030
9647702846048
9647812002444
9647733311093
9647739398087
9647742036772
9647728965055
9647730347060
9647866772003
9647721798718
962798194860
9647807448779
9647704473342
9647705884005
9647833999697
9647714394949
9647883160600
9647733955505
9647712660541
9647721980426
9647727139282
9647725380125
9647780177811
9647734979303
9647709122963
9647867216880
9647762540776
9647755111552
9647876078100
9647701587388
9647744355222
9647705174575
9647776615638
9647700544970
9647809581264
9647880842533
9647838438536
9647716593446
9647716006614
9647750406000
9647722292201
9647733897538
9647840275000
9647850022900
9647716166267
9647750152048
9647826608886
9647876151301
9647739089990
9647712028974
9647838699901
9647729608000
9647818244039
9647841353337
9647702356299
9647730079111
9647881718950
9647710696399
9647733176999
9647826427848
9647800951919
9647737589157
9647716667069
9647834497996
9647865632779
9647714659499
9647859378522
9647711785656
9647746433580
9647771133332
9647763732224
9647735077744
9647715481032
9647734800006
9647727724005
9647767409408
9647818718593
9647819175037
9647726035558
9647727826800
9647506567519
9647804509904
9647730018602
9647725252550
9647753321747
9647706705758
9647843373300
9647700166898
9647801070250
9647759948674
9647805959333
9647723990112
213540208885
9647871730793
9647835545551
9647721880524
9647726849560
9647736600539
9647855564115
9647721932687
9647725735757
9647716773718
9647719168753
9647750000390
9627815702576
9647831168410
9647845444454
9647731931783
9647812673137
9647805255222
9647811815856
9647738932233
9647805070334
9647747827152
9647825526977
9647813416822
9647709358976
9647507852895
9647870989130
9647867330611
9647714907580
9647776189586
9647707582960
9647734388267
9647716599713
9647816442143
9647881644909
9647753538626
9647747685124
9647905458728
9647826050243
9647711066320
9647863153213
9647705611131
9647800051231
9647723322916
9647823333997
9647840648251
9647825308134
9647732800917
9647726647503
9647905500743
9647718523247
9647705559039
9647744888543
9647838520120
9647703928542
9647719136757
9647714557619
9647719317518
9647711716113
9647812348880
9647733375032
9647841663377
9647880009641
9647880009589
9647838211316
9647801354060
9647713351228
9647886432535
9647701837319
9647838547702
9647783706024
905386106623
9647715642174
9664028125026
9647703989612
9647739489719
9647856947535
9647716231526
9647889579766
9647823495494
9647711189244
9647822773222
9647709456555
9647869533888
9647739550330
9647762526442
9647850000061
9647760257985
